00000000000000000000000001111111111111111111111111
00000000000000000000000001111111111111111111111111
00000000000000000000000001111111111111111111111111
00000000000000000000000001111111111111111111111111
00000000000000000000000001111111111101111111111111
00000000000000000000000001111111111111111111111111
00000000000000000000000001111111111111111111111111
00000000000000000000000001111111111111111111111111
00000000000000000000000001111111111110111111111111
00000000000000000000000001111111111111111111111111
00000000000000000000000001111111111111111111111111
00000000000000000000000001111111111111111111111111
00010000000000000000000001111111111111111111111111
00000000000000000000000001111111111111111111111111
00100000000000000000000001111111111111111111111101
00000000000000000000000001111111111111111111110111
00000000000000000000000001111111111111111110111111
00000000001000000000000001111110111111111111111111
00000000000000000000000001011011111111111111111111
00000000000000000000000001111111111111111111111111
00000000000000000000000001111111111111111111111111
00000000000000000000000001111111111111111111111111
00000000000000000000000001111111111111111111111111
00000000000000000000000001111111111111111111111111
00000000000000000000000001111111111111111111111111
00000000000000000000000001111111111111111111111111
00000000000000000000000001111111111111111111111111
00000000000000000000000001111111011110111111111111
10000000000000000000000001111111111111111111111111
00000000000000000000000001111111111111111111111111
00000000000000000000000001111111111111111111111111
00000000000000000000000001111111111111111111111111
00000000000000001000000001111111111111111111111111
00000000000000000000000001111111111111111111111111
00000000000000000000000001111111111111111111111111
00000000000000000000000001111011111111111111111111
00000000000000000100000001111111111111111111111101
10000000000000000000000001111111111111111111111111
00000000000000000000000001111111111111111111111111
00000000000000000000000001111111111111111111111111
00000000000000000000000001111111111111111111111111
00000000000000000000000001111111111111111111111111
00001000000000000000000001111111111111111011111111
00000000000000000000000001111111011111111111111111
00000000000000000000000001111111111111111111111111
00000000000000000000000001111101111111111111111111
00000000000000000000000001111111111111111111111111
00000000000000000000000101111111111111111111111111
00000000000000000000000001111111111101111111111111
00010000000000100000000001111111111111111111111111
00001000000000000000000001111111111111111011111111
00000000000000000000000101111111111111111111111111
00000000000000000000000001111111111111111111011110
00000000000000000000000001111111111111111111111111
00000000000000000000000001111111111111111111111111
00000000010000000000000001111111111111111111111111
00000000000000000000000001111111111111111111111111
00000000000000000000000001111111111111111111111111
00000000000000000000000001111111111111111111111111
00000000000000000000000001111111111111111111111111
00000000000000000000000001111111111111111111111111
00000000000000000000000001111111111111111111111111
00000000000000000000000001111111111111111111111111
00000000000000000000000001111111111111111111111111
00000000000000000000000001111111111111111101111111
00000000000000000000100101111111111111111111111111
00000000000000000000000001111111111111111111111111
00000000000000000010000001111111111111111111111111
00000000000000000000000001111111111111111111111111
00100000000000000000000001111111111111101111111111
00000000000000000000000001111111111111111111111111
00000000000001000000000001111111111111111111111111
00000000000000000000000001111111111111111111111111
00000000000000000000000001111111111111111111111111
00000000000000000000000001111111111111111111101111
00000000000000000000000001111111111111111111111111
00000000000000000000000001101111111101111111111111
00000000000000000010000001111111111111111111111111
00000000000000000000000001111111111111111111111111
00000000000000000000000001111111101111111111111111
00000000000000000000000001111111111111111111110111
00000000000000000000001011111111111111111111111111
00000000000000000000000000111111111111111111111111
00000000010000000000000001111111111111111111111111
00000000000000000000000001111111111111111111111011
00001000000000000000000001111111111101111111111111
00000000001000000000000001111111111111111111111111
00000000000000000000000001111111111111111111111111
00000000000000000100000001111111111111111111111111
00000000000000000000000001111111111101111111111111
00000000000000000000000001111111111111111111111111
00000000100000000000000000111111111111111111111111
00000000000000000000000001111111011110111111111111
00000000000000000000000001111111111111111111111111
00000000000000000000000001111111111111111111111111
00000000000000000000000001111111111111111111111111
00000000000000000000000001111111111011111111111111
00000000000000000000000001111111111111111111111111
00000000000000000000000001111111111111111110111111
00000000000000000000000001111111111111111111111111
