11111111111111111111111111111111111111111111111111
11111111111111111111111111011111101111111111111111
11111111111111111111111111111111111111111111111111
11111111111111111111111111111111111111111111111111
11111111111111111111111111111111111111111111111111
11111111111111111111111111111111111111111111111111
11111111111111111111111111111110111111111111111111
11011111111111111111111111111111111111111111111111
11111111111111111111111111111111111111111111111111
11111111111111111111111111111111111111111111111111
11111111111111111111111111111111111111111111111111
11111111111111111111111111111111111111111111111111
11111111111110111111111111111111111111111111111111
11111111111111111111111111111111111111111111111111
11111111111111111111111111111111111111111111111111
11111111111111111111111111111111111111111111111111
11111111111111111111111111111111111111111111111111
11111111111111111011111111111111111111111111111111
11111111111111111111111111111111111111111111111111
11111111111111111111111111111111111111111111111111
11111111111111110111111111111111111111111111111111
11111111111111111111111111111111111111111111111111
11111011111111111111111111111111111110111110111111
11111111111111011111111111111111111111111111111111
11111111111111111111111111111111111111111111111111
11111111111111111111111111111111111111111111111111
11111111111111111111111111111111111111111111111111
11111111111111111111111111111110111111111111111111
11111111111111111111111111111111111111111111111111
11111111111111111111111111111111111111111111111111
11111111111111111111101111111111111111111111011111
11111111111111111111111111111111111111111111111101
11111111111111111110111111111111111111111111111011
11111111111111111111111111111111111111111111011111
11111111111111111101111101111111111111111111111111
11111111111111111111111111111111111111111111111011
11111111111111111111111111111111111111111111111111
11111111111111111111111111111111111111111111111111
11111111111111111111111111111111111111111111111111
11111111110111111111111111111011111111111111111111
11111111111111111111111111111111111111111111111110
11111111111111111111111111111111111111111111111111
11111111111111111111111011111101111111111111111111
11111111111111111111111111111111111111111111111111
11111111111111111111111111111111111111111111111110
11111111111111111111111111111111111111111111111111
11111111111111111111111111111111111111111111111111
11111111111111111111111111111111111111111111111111
11111111111101111111111111111111111111111111111111
11111111111111111111111111111111111111111111111111
11111111111111111111111111111111111111010110111111
11111111111111111111111111111111111111111111111111
10111111111111111111111111110111111111111111111110
11111111111111111111111111111111111111111111111111
11111111111111111111111111111111111111111111111111
11111111111111111111111101111111111111111011011111
11111111111111111111111111111111111111111111111111
11111111111111111111111111111111111111111111111111
11111111111111111111111111111111111111111111111111
11111111110111111111011111111111111111111111111111
11011111111101111111111111111111111111111111111111
11111111111111111111111111111111111111111101111110
11111111111111111111111111111111111111111111111111
11111111111111111111111111111111111111111111111111
11111111111111101111111111111111111111111111111111
11111111111111111111111111111110111111111111111111
11111111111111111111111111111111111111111111111111
11111111111111111111111111111101111111111111111111
10111111111111111111111011111111111111111111111111
11111111111111111111111111110111111111111111111110
11111111111111111111111111111111111111111111111111
11111111110111111111111111111111111111101111110111
11111111111111111111111111111111111111111111111111
11111111111111111111111111111111111111111111111111
11111111111111111111111111111111111111111111111111
11111111111111111111111111111111111111111111111111
11101111111111111111111111111111111111111111111111
11111111111111111111111110111111111111111111111111
11111111111111111111111111111111111111111111111111
11111111111111111111111111111111111111111111111111
11111111111111111111111111111110111111111111011111
11111111111111011111111111111111111111111111111111
11111111111111111111111101111111111111111101111111
11111111111111111111111111111111111111111111111111
11111111111111111111111111111111111111111111111111
11111111111111111111111111111111111111111111111111
11111111111111111111111111111111111111111111111111
11111111111101111111111111111111111111111111111111
11111111111010111111111111111111011111111111111111
11111111111111111111111111111111111111111111110111
11111111111111111111111111111111111111111111011111
11111111111111111111111111111111111111111111111111
11111111111101111111111111111111111111111111111101
11110111111111111111111111111111111111111111111111
11111111111111111111111111111111111111111111111111
11111111111111111101111101111111111111111111111111
11111111111111111111111111111111111111111111111111
11111111111111111111111111111111111111111111111111
11111101111111111111111111111111111011111111111111
11111111111111111111111111111111111111111111111111
