00000000001000000000000001111111111111111111111111
00100000000000000000000001111111111111111111111111
00000000000000000010000001111111111111111111111111
00000000000000000000000001111111111111111111111111
00000000000000000000000101111111111111111111111101
00000000000100000000010001111110111111111111111111
00000000000000000000000101111111111111111111111111
00000000000000000000000001111111111111111111111111
00000000000000000000000001101111111111111111111111
00000010000000100000000001111111111011111111111110
00000000000000000000000001111111111111111111111111
00000000000000000000000001111111111111111111111111
00000000000000000000000001111111111111111111111111
00000000000000000000000001111101111111111111111111
00000000000000000000000001111111111111111111111111
00000000000000000000000001111111111111111111111111
00000000000000000000000001110111111111111111111111
00000000000000000000000001111111111011111111111111
00000100000000000000000101111111110111111111111111
00000000000000000000000001111111111111111111111111
00000000000000000000000001111111111111111111111111
00000000000000000000000001111111111111111111111111
00000000000000000000000001111111111111111111111111
00000100000000000000000001111111111111111111111111
00100010000000000000000001111111111111111111111111
00000100000000000000000001111111111111111111111111
00000000000000000000000001111111111101111111111111
00000000000000000000000001111111111111111111111111
00000000000000000000000001111111111111111111111110
00000000010000000000000001111111011111111111111111
00000000000000000000000001111111111111111111111111
00000000000000100000000001111111111111111111111111
00000000000000000000000001111111111111111111111111
00000000010000000000000001111111111111111111011111
00000000001000010000000001111111111111111111111111
00000000000000000000000001111111111111111111111111
01000000000000000000000001111111111111111111111111
00000000000000000010000001111111111111111111111111
00000000000000000000000001111111111111111111111111
00000000000000000000000001111111111111111111111111
00000000000000000000000001111111111111111111111111
00000000000000000000000001111110111111111111111111
00000000000000000000000001111111111111111111111111
00000000000000000000000001111111111111111111111111
00000100000000000000000000111111111111111111111111
00000000000000000000000001111110111111111111111111
00000000000000000000000001111111111101111111111111
00000000000000000000000001101111111111111111111111
00000000000000000000000001111111111111111111111111
00000000000000000000000001111111111111111111111111
00000000000000000000000001111111111111111111111111
00000000000000000000000001111110111111111111111111
00000000000000000000000001111111111111111111111111
00000100000000000000000001111111111111111111111111
00000000000000000000000001111111111111111111111111
00000000000000000000000001111111111111111111101111
00000000000000000000000001111111111111111111111111
00000000000000000000000001111111111111111111111111
00000000000000000000000000111111111111111111111111
00000000000000000000000001111111111111111111111111
00000000000000000000000001111111111111111111111111
00000000000000000000100001111111111111111111111111
00000000000000000000000001111111111111111111111111
00000000000100000000000001111111111111111111111111
00000000000000000000000101111111111111111111111111
00000000000001000000000001011111111111111111111111
00000000001000000000000001111111111111111111111111
00000001000000000000000101111111111111111111111111
00000000000001010000000001111111111111111111101111
00000000000000000000000001111111111111111111111111
00000000000000000000000001111111111111111111011111
00000000000000000000000001111101111111111111111111
00000000000000000000000001111111111111111111111111
00000100000000000000000001111111111111111111111111
00000000000000000000000001111111111111111111111111
00000000000000000010000001101111111111111111111111
00000000000000000000000001111111111111111111111111
00000000000000000000000001110111111111111111111111
00000000000000000000000001111111111111111111111111
00000000000000000000000001111011111111111111111111
00000000000000000000000001111111111111111111111111
00000000000000000000000001111111111111111111111111
00000000000000000100000001111111111111101111111111
00000000000000000000000001111111111111111111111111
00000100000000000000000001111111111111111111111111
00000000000000000000000001111111111111111111111111
00000000000000000000010001111111111111111111111111
00000000000000100000000001111111111111111111111111
00000000000000000000000001111111111111111111101111
00000000000000000000000001101111111111111111111111
00000001000010000000000001111111111111111111111111
00000000000000000000000001111111111111111111111101
00000000000000000000000001111110111111111111111111
00000000000000000000000001111111111111111111111111
00000000100000000000010001111111111111111111111111
00000000000000000000000001111111111111101111101111
00010000000000000000000101111111111111111111111111
00000000010000000010000001110111111111111111111111
00000000000000000000000001111111111111111111111111
00000000000000000000000001111111111111111111111111
