11111111101111111111111111111111111111111101111111
11111111111111111111111111111111110111111111111111
11111111111111111111111111111111111111111111111111
11111111111111111111111111111111111111111111111111
11111111111111111111111111111111111111111111111111
11111111111011111111111111111111111111111111111111
11111111111111111111111111111111111111111111111111
11111111111111111111111110111111111011111111111111
11111111111111111111101111111110111111111111111111
11111111111110111111111111111111011111111111111111
11101111111111111111111111111111111111110111111111
11111111111111111111111111111111111111111111111111
11111111111111111111111111111111111111111111111111
11111111111111111111111111111011111111111111111111
11111111111111111111111011111111101111111111111111
11111111111111111111111111011111111110111111111111
11111111111111111111111111111111111111111111111111
11111111111111111111111111111111111111111111111111
11111111111111111111111111111111111111111111111111
11111111111111111111111111111111011111111110111111
11111111111111111111111111111111111111111111111111
11111111111111111111111111111111111111111111111111
11111111111111111111111111111111111111111111111111
11011111111111111111111111111111111111011111111111
11111111111111111111111111111111111111111111111111
11111110111111111111111111111111111111111111111111
11111111111111111111111111111111110111111111111111
11111111111111111111111111111111111111111111111111
11111111111111111111111111111111111111111111101111
11111111111111111111111111111111101111111111111111
11111111111111111111111111111111111111111111111111
11110111111111111111111011111111111111111111111111
11111111111111111111111111111111111111111111111111
11111111010110111111111111111111111111111111111111
11111110111111111111111111111111111111111111111111
11111111111111110111111111111111111111101111111111
11111111111111111111111111111111111111111111111111
11111111111111111111111111111111111111111110111111
11111110111111111111111111111111111111011111111011
11111111111111111111111111111111111111111111111111
11011111110111111111101111111111111111111111111111
11111111111111111111101111111111111111111111111111
11111111111111111111111111111111111111111111111111
11111111111111111111111111111111111111111111111111
11111110111111111111111111111111111111111111111111
11111111111111111111111111111111111111111111111111
11111111111111111111111111111111111111111111111111
11111111111111111111111111111111111111111111111111
11111111111111111111111111111111111111111111111111
11111111111111111111111111111111111111111111111111
11111111111111111111111111111111111111111111111111
11111111111111111111111111111111111111111111111111
11111111111111111111111111111111111111111111111111
11111111111111111111111111111111111111111111111111
11111111111111111111111111111111111111111111111111
11111110110111111111111111111111111111111111111111
11111111111111111111111111111111111011111111111111
11111111111111111111111111111111111111111111111111
11111101111111111111111111111111111111111111111111
11111111111101011111111111111111111111111111111111
11111111111111111111111111111111111111111111111111
11111111111111111111111111111111111111111111111111
11111111111111111111111111111111111111111111111111
11111111111111111111111111111111111111111111111111
11111111111111111111111111111111111111111111111111
11111111111111111111111011111111111111111111111111
11111011111111111111111111111111110111111111111111
11111111111111111111111111111111111111111111111111
11111111111111111111101111111111111111111111111111
11111111111111111111111111111111111111111111111101
11111111111111111111111111111111111111111111111111
11111111111111111111111111111111111111111111111111
11111111111111111111111111111111111111111111111111
11111111111111111111111111111111111111111111111111
10101111111111111111111111111111111111111111111111
11111111111111111111111111111111111111101111111111
11111111111111111111111111111111111110111111111111
11111111111111111111111111111111111111111111111111
11111111111111110111111111111111111111111111111111
11111111111111111111111101110111111011111111111111
11111111111111111111111111111111111111111111111111
11111111111111111111111111111111111111111111111111
11111111110111111111111111111111111011111111111111
11110111111111111111111111111111111111111111111111
11111111111111111111111111111110111111111111111111
11111111111111111111111111111111111111110111111111
11111111111111111111111111111111111111111111111111
11111111111111111111111111111111111111111111111011
11111111111111111111111111111111110111111111111111
11101111111111111111111111111111111111111111111111
11111111111111111111111111111101111111111100111111
11111111111111111110111111111111111111111111111111
11111111111111111111111111111111111111111111111111
11111111111111111111111111111111111111011111111111
11111111111111110111111111111111111111111111111101
11111111111111111111111101111111111111111111110111
11111111111111111101111111111111111111111111111111
11111111111111111110111111111111111111111111111111
11111111111111111111111111111111111111111111111111
01111111111111111111111111111101111111111111111111
