11111111111111111111111111111111111111111111111111
11111111111111111111111111111111111111111111111111
11111110111111111111111111111111111111111111111111
11111111111111111111111111111111111111101111111111
11111111111111111111111111111111111111111111111111
01111111111111111111111111111111111111111111111111
11111111111111111111111111111111111111111111111111
11111111111111111111111111111111111111111111111111
11111111111111111111111111111111111111111111111111
11111111111111111111111101111111111111111111111111
11111111111110111111111111111111111111011111111111
11111111111111110111111111111111111111111011111111
11111111111111111111111111111111111111111111111111
11111111111101111111111111111111111111111111111111
11111111111111111111111111111111111111111111111111
11111111111111111111111111111111111111111111111111
11011111111111111111111111111111111111111011111111
11111111111111111111110111111111111111111111111111
11111111111111111111111111111111111111111111111111
11111111111111111111111111111111111111111111111111
11111111111111111111111111111111111111111111111111
11111111111111111111111111111111111111111111111111
11111111111111111111111111110111111111111111111111
11111111111111111111111111111111111111111111111111
11111111111111111111111110111111111111111111111111
11111111111111111111111111111111111111111111110111
11111111111111111111111111111111011111111111111111
11111111111111111110111111111111111111111111111111
11111111011111111111111111111111111111011111111111
11111111111111111111111111111111111111111111111111
11111111111111111111111111111111111111111011111111
11111111111111011111111111111111111111111111111111
11111111111111111111111111111110111111111111111111
11111111111100111111111111111111111111111111111111
11111111111111111111111111111111111111111111111111
11111111111111111111111111111111111111111111111111
11111111111111111111111111111111111111111111111111
11111111111111111111111101111111111111111111111111
11111111111111111111111111111111111111111101011111
11111111111111111111111111111111111111101111111111
11111111111111111111111111111111111111111111111111
11111111111111111111111111111111111111111111111111
11111111111111111111111110111111111111111111111111
11111111111111111111111111111111111111011111111111
11111111111111111111111111111111111111111111111111
11111111111111111111111111111111111111111111111111
11111111111111111111111111111111111101111111111111
11111111111111101111111111111111111111111111111111
11111111111111111111111111111111011111111111111111
11011111111111111111111111111111111111101111111111
11111111111111110111111111111111111111111111111111
11111111111110111111111111111111111111111111111111
11111111111110111111111111111111111111111111111111
11111111111111111111111111111111111111111111111111
11111111111111111111111111111111111111111111111111
11111111111111111111111111111110111111111111111111
11111111111111111110111111111111111111111111111111
11111111111111111111111111111111111111111111111111
11111111111111111111111111111111111111111111110111
11111111111111101111111111111111111111111111111111
11011111111111111111111111111111111111111111111111
11111111111111111111111111111111111111111111111111
11111111111111111111111111111111111111111111111111
11111111111111111111111111111111111111111111111111
11111111101111111111111111111111111111111111111111
11111111111111111111111111101111111111111101110111
11111111111111111111111111110111111111111111111111
11111111111111111111111111101111111111111111111111
11111111111111111111111111111111111011111111111111
11111111111111111111111111111110111111111111111111
11111111111111111111111111111111111111111111111111
11111111111111111111111111111111111110111111111111
11111111111111111111110111111111111111111111111111
11111111111111111111111111111111111111111111111111
11111111111111110111011111111111111111111111111111
11111111111111111111111111111111111111111111111111
11111111111111111111111111111111111111011111111111
11111111111111111111111111111111111111111111111111
11111111111111111111111111111111111111111111111111
11111111111111111111111111111111111111111111111111
11111111111111111111111111111111111011111111111111
11111111111111111111111111111101111111111110111111
11111111111111111111111111111111011111101111111111
11111111111111111111111111111111111111111111111111
11111111111111111111111111111111111111111111111111
11111111111111111111111111111111111111111111111111
11111111111111111111111111111111111111111111111111
11111111111110111111111011111111111111111111111111
11111111111111111111111111111111111111111111111111
11111111111111111111111111111111111101111111111111
11111111011111111111111111111111111111111111111111
11111111111111111111111111101111111111111111111111
11111111111011111111111111111111111101111111111111
11111111111111111110111111111111111111111111111111
11111111111111111111111111111111111111111111111111
11111111111111111111111111111111111111111111111111
11111111111111111111111011111111111111111111111111
11111111111111111111111111111111111111111111111111
11111111111111111111111111111111111111111111101111
11111111111111111111111111111011111111111111111111
