11111111111111111111111111111111111111110111111111
11111110111111111111111111111111111111111111111110
11111111111111111111111111111111111111111111111111
11111111111111111111111111111111111111111111111111
11111111111111111111111111111111111111111111111111
11111111111111111111111111111110111111111111111111
11111111111111111111111111111111111111111111111111
11111111111111111111111111111111111111111111111111
11111111111111101111111111111111111111111111111111
11111111111111111111110111111111111111111111111111
11111110111101111111111111111111111111111111111111
11111111111110111111111111111111111111111111111011
11111111111111111111111111111111111111111110111111
11111111111101111111111111111111110111110111111111
11111111111111111111111111111111111111111111111111
11111111111111111111111111111111111111111111111111
11111111111111111111111111111111111111111111111111
11111111101111111111111111111110111111110111111111
11111111111111111111111111111110111111111111111111
11111111111111111111111111111111111111111111111111
11111111111111111111111111111111111111111111111111
11111111111111111111111110111111111111111111111111
11111111111111111111011111111111111111111111111111
11111111111111111111111111111111111111111111111111
11111111111111011111111111111011111111111011111111
11111111111111111111111111111111111111111111111111
11111111111101111111111111111111111111111111111111
11111111111111111111111111111111111111111111011111
11111111111111111111111111111111111111111111111111
11111111111111111111111111111110111111111111111111
11111111111111111111111111111111111111111111111111
11111111111111111111111111111111111111111111111111
10111111111111111111111111111111111111111111111111
11111111111111111111111111111111111111111111111111
11111111111111111111111111111111111111111111111111
11111111011111111111111111111111111111111111111111
11111111111101111111111111011111111111111111111111
11111111111111111111111111111111111111111111111111
11111111111111111111111111111111111111111111111111
11111111111111111111111111111111111111111111111111
11111111111111111111111111111111111111111111111111
11111111111111111111111111111111111111111111111111
11111111111111111111111111111111111111111111111111
11111111111111111111111111111111111111111111111111
11111111111111111111111111111111111111101111111110
11111111111111111111111111111111111111111111111111
11111111111111111111111111111101111111110111111111
11110111111011111111111111111111111111111111111011
11111111111111111111111111111111111111111111111111
11111111111111111101111111111111111111111111111111
11111111111111111111111111111101111110111111111111
11111111111111111111111111111111111111111111111111
11111111111101111111111111111111111111111111111111
11111111111111111101111111111111111111111111111111
11111111111111111111111111111111111111111111111111
11111111111111111111111111111111111111111111111111
11111111111111111111111111111111111111111111111111
11111111111111111111111111111111111111111111111111
11111111111111111111111110111111111111111111111111
11111111111111111111111111111111111111111111111111
11111111111111111111111111111111111111111111111111
11111111110111111111111111111111111111111111111111
11111111111111111111111111111111111111111111111111
11111111111111111111111110111111111111111111111111
11111111101111111111111111111111110111111111111111
11111111111111111111111111111111111111111111111111
11111111111111111111111111111111111111111111111111
11111111111111110111111111111111111111111111111111
11111111111111111111111111111111111111011111111110
11111111111111111111111111111111111111111111111111
11111110111111111111111110111111111111111111111111
11111111111111111111111110111111111111111111111111
11111111111111111111111111111111111111111111111111
11111111111111111111111110111111111111111111111111
11111111111111111111111111111111111111111111111101
11111111111111111111111110111111111111111111111111
11111111111101111111111111111111111111111111111111
11111111111111111111111111111111111111111111111111
11111111111101111111111111111111111111111111111111
11111111111111111111111111111111111111111111111111
11111101111111111111111111111111111111111111111111
11111110111111111111111111111111111111111111111111
11111111111111111110111111111111111111111111111111
11111111111111111111111111111111111111101111111111
11111111111111111111111111111111111111111111111011
11111111111111111111111111111111111111111111111111
11111111111111111111111111111111111111111111111111
11111111111111111111111111111111111111110111111111
11111111111011111111111111111111111111111111111111
11111111111111111110111111111111111111111111111111
11111111111111111111111111111111111111111111111111
11111111111111111111111111111111111111111111111111
11111111111111111111111111111111111111111111111111
11111111111111111111111111111111111111111111111111
11111111111111111111111111011111111111111111111111
11111111111111111111111111111111111111111111101011
11011111111111111111111111111111111111111111111111
11111111111111111111111111111111111111111111111111
11111111111111111111111111111111111111111111111111
11111111111111111111111111111111111111111111111111
